$ANSIBLE_VAULT;1.1;AES256
31373661366234383865343535306236643031643438656463626163343464393065363039323131
3735383036633861326436626566303238346262313238380a373463623266646332336463366534
36643436663333336561393866346463656630336130326631386436383634656664356239326430
3039383965363536620a326132366262336164326331393437373033656130326561363161663333
63376361353736383730386461656563653763373962656334393638646337343761656435303436
36616133396633333431613566313838396363343132376234636261333263336532333465316664
30303238363938346663373830333337376136613166336235643639623634383038653538376532
62326532326430363938653462666633373962656131663364356261363038633137666633303863
35306536346230313537306538643764363766396366616566646232643465303732633837383431
33333763666661386337643866623833633163623838376237633061613637363235323033643835
61353365343030346439623939663333633431393431383339343630353465656236633162383162
34373036623662313635363237646439333935633634356563303530623463633731626138663633
63363630303138663338396139653561653835663162663537396532386565323238623731306338
34646637356233353561353666373837353631623064393435326534306234353338343762393864
66626265393239373763306631346630313434346463373830386436366434373862383538333961
33356437316633336663663862393034306431613533303530323764306132626263336336396538
63663136386434306262333763613364636364303533663738373265336333613961336536396231
61313462323639333365346133333533303438393238366432356137623033613464613031646439
34373731656561393231666438303632393731316365336262663637343730323939373865633435
33323535623635653930643563386237633837653162633630343031666537393230623865323733
66613731613464306234626437393164626435646131363733643037623830373534313761663139
32303266303465303565656433636637393866636361646231363537373037333539356534663462
65316164656533373166393638316361366166653737333962653330643530396563613534333661
31613238343738356362376266386537316630643763353161646666666637376661386465383563
35393230613034323035636362383335666537353837623033643165323734346631656134353034
61623865383161356138613534343265646334303830643231613164363236613531333861383766
39363537396136336237316561323635646233653339316334356336623837313338393633333132
30663938373338316235363234646336343436346565393265343863393466303639313738333365
30666235323133383535303434316465646161653866633330343333646337656538
