$ANSIBLE_VAULT;1.1;AES256
65623962633331636232353463663962393466643665316433633962373132336165326237613862
3533643762383738353764393433396534396238373261650a633332353239613063373732633537
30393166653962336433343765623064376131646533353937656338323665343531316465386266
6138613239303730340a383838393662303330386534613335386663336665386531356630303835
38343332396535633562386265393265626532623134623633623163383836393766636237653865
34363036633161343138656638343930303039303265343161313064643362393362356163336364
64343734343463666434316631636362303362336134613538656236336564646230396635613334
32643531666430316161616635643464646234636530626338333633646333326231313966303131
32363962396134666632396130396431656133353539363330306661316261333465353232356534
61623339623439663863373435386138336538663633663232626233386561653862363831346666
66363035353564393031643365363631336265386134633133653461626630373264653536633563
62393462353636663436646232353833643633383262363466663538366163643465633536376363
61383165306334326166363866393166303235366538613664623062353538653838663838303162
34326538626333373038346435653336326166653639343366653838623938323539353965646234
35616562353136643161633764303230656366386332623430363732643338663561613731633737
32336231383238663336396533613363616339656639613066366337353131306463343836343538
37393336333136643233336264316133336262663836346635393663333138613436
