$ANSIBLE_VAULT;1.1;AES256
36623662383334306663336162343733663461333736313333336135653333623863323334393230
6632353538663130303834376431633133653439303637660a353665326337386436373930313837
39343835326232386465373738313837353061623361356161333739336232653237663432663366
3465623330383462330a306333353739666138323865666633613964386531663466613332336638
66666637366162383363613334313364383931393638336139646663343937303530393362393365
65353230306435613363666266343139346264313938653561303563653563376665626538373834
36353561323135393633306533343836393331336330623266336663363761393430373033316561
35313863306261373238636236326363623264373561353535623061303264393135633332666335
62393838336431386362396462383562616661323737313037313739623237333931373932373139
66643538353766636133666639363231396533333263663364333539666333306430353661643633
36313931363838336464613935336262303936623435663961633061366637323263393735616665
36333264343530333461626239336565386639356231313466356463626236666361363539613163
61646364383266663535313365623934636438343938333161323832373163323137336139363531
31336238393239373935646265633531366538306534616365316333616631626362643663623366
62633034633866663066633762363832376137313730396535643564646235333136326361666430
32396531383961393563323834366462653064373732626235613237653262313566656336316235
38353966363138343832643563643864326666666438396539633436396534346231
