$ANSIBLE_VAULT;1.1;AES256
37666366646536646238653639376135373334306334316636396539333032616465323330646162
3835613335633932653066336435653835323766303562370a323366333236656164366562353962
33346239383032323431333863343362656536666566383461386665376536626636373137363766
3463323439363962610a613934616662363564663834373963383739633838346266346165633037
66623863303339396266366531663034316130326532303237373030363739383233363737616231
64343366633132323235626136656634613835636238663131373636396532353239616263356334
63663836366164626566333566363737663531373530643832623032633961643739366531363334
36386361636265333237396433323339353731656231343337363134323036303461306633663162
31616439656234336531653330656231343036393262636430386231383563323233626231313561
34613538623164373332353663636261303331653939303036643365386532376461636139386163
36663139303837626337616364306166356661396265653937343036323563373361376234616234
61396661616135653631656463356138373261313036393337353362383236383563383534613839
34323062323062393237323732636236343733303161656161613962366536356237386539653661
35396631303938663365373334653763336635306263623466376137653437353830396638363566
34656334656564343638353337306463623832323163316463396365333935356564663734613438
36623363613335383966313238373937366235336163326163626539633431326637306165316662
37613163613032356566306430353232653131366338353261316565646232366637
